[[1606476,94,854,"bet"],[1266444,95,125,"bet"]]
[[318386,10368,609,"bet"],[1036078,10369,44,"bet"]]
[[1266505,23515,892,"bet"],[1245522,23516,783,"bet"]]
[[696507,30583,754,"bet"],[1140692,30584,713,"bet"]]
[[1036170,42309,588,"bet"],[1370984,42310,756,"bet"]]
[[1866716,50948,683,"bet"],[1036316,50949,818,"bet"]]
[[1036299,61061,188,"bet"],[113976,61062,145,"bet"]]
[[696234,70967,281,"bet"],[903462,70968,218,"bet"]]
[[782151,80007,127,"bet"],[696510,80008,441,"bet"]]
[[103867,90417,686,"bet"],[696273,90418,135,"bet"]]
[[696281,106674,372,"bet"],[238271,106675,892,"bet"]]
[[1266631,110293,255,"bet"],[1012420,110294,262,"bet"]]
[[696054,120414,94,"bet"],[1546899,120415,577,"bet"]]
[[105926,131536,260,"bet"],[696104,131537,933,"bet"]]
[[888579,140667,406,"bet"],[1036393,140668,893,"bet"]]
[[1147051,151241,397,"bet"],[696125,151242,633,"bet"]]
[[1036363,162838,339,"bet"],[1996393,162839,465,"bet"]]
[[1490322,171654,992,"bet"],[1036016,171655,333,"bet"]]
[[1035964,181272,656,"bet"],[1834847,181273,819,"bet"]]
[[696775,190689,421,"bet"],[499995,190690,634,"bet"]]
[[1035967,207498,470,"bet"],[1654732,207499,754,"bet"]]
[[1036333,210426,934,"bet"],[523656,210427,315,"bet"]]
[[1266582,221339,416,"bet"],[1610687,221340,811,"bet"]]
[[1035848,230176,700,"bet"],[434571,230177,56,"bet"]]
[[443401,240480,916,"bet"],[696647,240481,395,"bet"]]
[[1266641,250128,254,"bet"],[1580833,250129,393,"bet"]]
[[1266563,260670,45,"bet"],[443412,260671,477,"bet"]]
[[1718569,271246,21,"bet"],[1036178,271247,751,"bet"]]
[[696120,284763,556,"bet"],[379315,284764,542,"bet"]]
[[696679,290968,160,"bet"],[1906735,290969,762,"bet"]]
[[1836006,300640,852,"bet"],[1035895,300641,718,"bet"]]
[[696023,311327,599,"bet"],[783102,311328,28,"bet"]]
[[878705,321457,120,"bet"],[696457,321458,626,"bet"]]
[[696199,331757,457,"bet"],[725837,331758,20,"bet"]]
[[1266588,340542,322,"bet"],[431408,340543,285,"bet"]]
[[1036135,352522,20,"bet"],[1354029,352523,770,"bet"]]
[[1266572,360166,563,"bet"],[634337,360167,678,"bet"]]
[[696368,372109,181,"bet"],[1088313,372110,546,"bet"]]
[[696034,380411,434,"bet"],[947094,380412,315,"bet"]]
[[1036291,390554,186,"bet"],[299127,390555,924,"bet"]]
[[1035843,400928,228,"bet"],[1075862,400929,605,"bet"]]
[[547092,412314,238,"bet"],[1036167,412315,113,"bet"]]
[[1036312,422496,86,"bet"],[181812,422497,95,"bet"]]
[[1266569,1044,812,"bet"],[1235729,1045,170,"bet"]]
[[696484,11144,283,"bet"],[736973,11145,373,"bet"]]
[[1862478,21920,40,"bet"],[1036397,21921,859,"bet"]]
[[1736035,31630,349,"bet"],[1035822,31631,519,"bet"]]
[[696225,41299,849,"bet"],[1364411,41300,593,"bet"]]
[[1936535,52694,964,"bet"],[696266,52695,408,"bet"]]
[[696091,60466,443,"bet"],[1676473,60467,717,"bet"]]
[[981340,71573,161,"bet"],[696015,71574,610,"bet"]]
[[676311,80002,501,"bet"],[1036237,80003,888,"bet"]]
[[696284,90169,472,"bet"],[1872976,90170,246,"bet"]]
[[1972450,101229,312,"bet"],[1036333,101230,369,"bet"]]
[[1554827,111057,746,"bet"],[696773,111058,701,"bet"]]
[[811903,120908,146,"bet"],[696578,120909,56,"bet"]]
[[696010,133114,524,"bet"],[1159325,133115,969,"bet"]]
[[173332,140729,313,"bet"],[1266616,140730,708,"bet"]]
[[696619,153314,617,"bet"],[1381380,153315,656,"bet"]]
[[1850987,160635,103,"bet"],[1036206,160636,170,"bet"]]
[[1266537,172648,359,"bet"],[860975,172649,358,"bet"]]
[[696436,180632,666,"bet"],[1996451,180633,268,"bet"]]
[[1227577,191022,470,"bet"],[1036039,191023,155,"bet"]]
[[959707,201694,958,"bet"],[1036360,201695,971,"bet"]]
[[696124,211535,984,"bet"],[1616921,211536,570,"bet"]]
[[466139,221209,396,"bet"],[1035967,221210,228,"bet"]]
[[696741,231803,314,"bet"],[433107,231804,126,"bet"]]
[[596582,240680,247,"bet"],[696643,240681,560,"bet"]]
[[822132,250709,950,"bet"],[1036034,250710,166,"bet"]]
[[1304058,260383,13,"bet"],[696165,260384,595,"bet"]]
[[290771,270955,497,"bet"],[696730,270956,451,"bet"]]
[[1266535,281320,747,"bet"],[238771,281321,139,"bet"]]
[[962359,290032,635,"bet"],[1036217,290033,18,"bet"]]
[[1035892,300972,533,"bet"],[1752359,300973,842,"bet"]]
[[1035848,310586,785,"bet"],[601697,310587,599,"bet"]]
[[1266544,320471,410,"bet"],[1929786,320472,151,"bet"]]
[[1701267,330388,562,"bet"],[696627,330389,279,"bet"]]
[[216182,340429,63,"bet"],[1036116,340430,688,"bet"]]
[[1987694,350273,368,"bet"],[696242,350274,173,"bet"]]
[[1284600,362562,242,"bet"],[696203,362563,752,"bet"]]
[[1080892,370545,75,"bet"],[696729,370546,403,"bet"]]
[[1266493,382250,545,"bet"],[262460,382251,79,"bet"]]
[[1893950,391219,83,"bet"],[696068,391220,447,"bet"]]
[[696462,400751,388,"bet"],[1428007,400752,82,"bet"]]
[[1036254,411282,94,"bet"],[1099997,411283,885,"bet"]]
[[996887,424162,911,"bet"],[1266427,424163,918,"bet"]]
[[1036016,433104,635,"bet"],[790773,433105,479,"bet"]]
[[1202996,440510,813,"bet"],[1035984,440511,513,"bet"]]
[[1837614,455005,125,"bet"],[1266433,455006,160,"bet"]]
[[1944408,460502,101,"bet"],[1036163,460503,205,"bet"]]
[[696754,470047,154,"bet"],[100540,470048,147,"bet"]]
[[932680,481672,594,"bet"],[1266524,481673,41,"bet"]]
[[696605,493435,130,"bet"],[1074137,493436,144,"bet"]]
[[1266608,501986,554,"bet"],[1088698,501987,177,"bet"]]
[[1035848,510911,992,"bet"],[669753,510912,197,"bet"]]
[[1552133,521880,90,"bet"],[696585,521881,184,"bet"]]
[[1151599,532964,470,"bet"],[1035882,532965,341,"bet"]]
[[1760780,540217,197,"bet"],[696574,540218,774,"bet"]]
[[696219,551681,809,"bet"],[797938,551682,603,"bet"]]
[[1841898,560492,718,"bet"],[1035784,560493,209,"bet"]]
[[1266475,570441,958,"bet"],[1380798,570442,647,"bet"]]
[[696558,580517,594,"bet"],[608869,580518,806,"bet"]]
[[909189,592469,500,"bet"],[1036245,592470,92,"bet"]]
[[1266527,602334,765,"bet"],[271688,602335,864,"bet"]]
[[1266606,610426,331,"bet"],[909550,610427,278,"bet"]]
[[339253,622412,888,"bet"],[696153,622413,598,"bet"]]
[[1979174,630184,677,"bet"],[1266579,630185,420,"bet"]]
[[1035839,640367,377,"bet"],[1494951,640368,760,"bet"]]
[[696328,650444,909,"bet"],[1892203,650445,907,"bet"]]
[[415495,662835,208,"bet"],[1036254,662836,947,"bet"]]
[[1035927,670276,886,"bet"],[1049554,670277,742,"bet"]]
[[696196,681747,575,"bet"],[1743025,681748,891,"bet"]]
[[1460597,691839,672,"bet"],[696120,691840,262,"bet"]]
[[1005657,700842,115,"bet"],[1266417,700843,425,"bet"]]
[[696077,710779,490,"bet"],[1682075,710780,922,"bet"]]
[[696054,720714,412,"bet"],[1149554,720715,353,"bet"]]
[[17171,730429,877,"bet"],[1036152,730430,541,"bet"]]
[[696151,740256,638,"bet"],[1003912,740257,874,"bet"]]
[[1035908,753908,855,"bet"],[932389,753909,559,"bet"]]
[[312701,764469,340,"bet"],[696233,764470,64,"bet"]]
[[1426256,771521,859,"bet"],[696219,771522,949,"bet"]]
[[1708353,782957,989,"bet"],[696440,782958,213,"bet"]]
[[42552,790086,890,"bet"],[696604,790087,618,"bet"]]
[[453417,802417,85,"bet"],[696675,802418,682,"bet"]]
[[1918265,812937,585,"bet"],[1036238,812938,545,"bet"]]
[[696215,822155,445,"bet"],[534198,822156,529,"bet"]]
[[983363,831575,388,"bet"],[1035914,831576,64,"bet"]]
[[1036399,840644,459,"bet"],[1483875,840645,158,"bet"]]
[[1003201,851209,377,"bet"],[696686,851210,109,"bet"]]
[[1036341,861032,736,"bet"],[1939477,861033,193,"bet"]]
[[841379,870898,472,"bet"],[696160,870899,816,"bet"]]
[[422347,882897,526,"bet"],[696371,882898,717,"bet"]]
[[1036338,891782,545,"bet"],[1215073,891783,172,"bet"]]
[[1266519,901989,955,"bet"],[1821864,901990,105,"bet"]]
[[696704,910093,855,"bet"],[1691214,910094,512,"bet"]]
[[696750,922271,247,"bet"],[1681040,922272,761,"bet"]]
[[960210,930343,72,"bet"],[696056,930344,428,"bet"]]
[[696369,940049,889,"bet"],[1962540,940050,436,"bet"]]
[[25692,950402,726,"bet"],[696371,950403,540,"bet"]]
[[894334,960007,904,"bet"],[1035972,960008,149,"bet"]]
[[1933382,970729,221,"bet"],[1266585,970730,156,"bet"]]
[[766831,982269,864,"bet"],[696207,982270,15,"bet"]]
[[1245557,993927,557,"bet"],[1035926,993928,156,"bet"]]
[[1266567,1004056,660,"bet"],[1742293,1004057,274,"bet"]]
[[1989892,1010025,600,"bet"],[1035821,1010026,880,"bet"]]
[[696322,1020421,417,"bet"],[443883,1020422,822,"bet"]]
[[696087,1033667,341,"bet"],[1042070,1033668,643,"bet"]]
[[696385,1040278,256,"bet"],[320151,1040279,346,"bet"]]
[[1036245,1050234,185,"bet"],[898308,1050235,194,"bet"]]
[[1280942,1065457,465,"bet"],[1036204,1065458,213,"bet"]]
[[1035796,1070484,144,"bet"],[1645407,1070485,44,"bet"]]
[[996780,1080121,567,"bet"],[696005,1080122,546,"bet"]]
[[696015,1091086,700,"bet"],[1720999,1091087,646,"bet"]]
[[1266583,1101578,436,"bet"],[607267,1101579,712,"bet"]]
[[1036007,1110466,230,"bet"],[393743,1110467,861,"bet"]]
[[1036123,1122339,424,"bet"],[136739,1122340,251,"bet"]]
[[1036261,1132319,929,"bet"],[754566,1132320,849,"bet"]]
[[1266430,1141424,786,"bet"],[285504,1141425,400,"bet"]]
[[1549008,1152727,40,"bet"],[1036086,1152728,347,"bet"]]
[[1036226,1160977,656,"bet"],[1051921,1160978,325,"bet"]]
[[696166,1170459,541,"bet"],[994458,1170460,549,"bet"]]
[[1036335,1182780,784,"bet"],[1508753,1182781,666,"bet"]]
[[1542522,1194306,13,"bet"],[696369,1194307,775,"bet"]]
[[696589,1200741,246,"bet"],[204897,1200742,95,"bet"]]
[[696632,1210012,527,"bet"],[741187,1210013,261,"bet"]]
[[1036400,1220958,474,"bet"],[1938604,1220959,585,"bet"]]
[[1036265,1230637,357,"bet"],[1307763,1230638,799,"bet"]]
[[1364111,1241062,876,"bet"],[696585,1241063,419,"bet"]]
[[555796,1250278,203,"bet"],[696377,1250279,179,"bet"]]
[[1968553,1262263,799,"bet"],[1036164,1262264,65,"bet"]]
[[696567,1270355,275,"bet"],[806918,1270356,69,"bet"]]
[[696748,1280507,803,"bet"],[1383862,1280508,890,"bet"]]
[[543074,1295288,631,"bet"],[696196,1295289,226,"bet"]]
[[1035893,1303627,538,"bet"],[1363678,1303628,300,"bet"]]
[[696412,1310285,807,"bet"],[28545,1310286,159,"bet"]]
[[696484,1322202,744,"bet"],[290174,1322203,160,"bet"]]
[[651647,1330442,749,"bet"],[1036167,1330443,621,"bet"]]
[[1036345,1340522,841,"bet"],[1830268,1340523,99,"bet"]]
[[696412,1350861,85,"bet"],[1271084,1350862,497,"bet"]]
[[696636,1360675,602,"bet"],[1281823,1360676,688,"bet"]]
[[696770,1370184,384,"bet"],[1868676,1370185,436,"bet"]]
[[1035798,1381456,759,"bet"],[1939131,1381457,624,"bet"]]
[[696697,1390771,730,"bet"],[1730686,1390772,544,"bet"]]
[[696121,1400968,962,"bet"],[211863,1400969,831,"bet"]]
[[1877497,1410096,778,"bet"],[1266465,1410097,345,"bet"]]
[[1411322,1421312,459,"bet"],[1035933,1421313,611,"bet"]]
[[1201830,1431940,720,"bet"],[696238,1431941,249,"bet"]]
[[1095149,1440530,267,"bet"],[696346,1440531,766,"bet"]]
[[1481066,1451246,877,"bet"],[1266598,1451247,389,"bet"]]
[[1035928,1463258,246,"bet"],[759359,1463259,96,"bet"]]
[[1542532,1470485,676,"bet"],[1036176,1470486,915,"bet"]]
[[696669,1480177,625,"bet"],[516281,1480178,911,"bet"]]
[[696400,1490243,804,"bet"],[1504571,1490244,144,"bet"]]
[[1675800,1501740,383,"bet"],[696374,1501741,113,"bet"]]
[[1266600,1510816,391,"bet"],[1657742,1510817,765,"bet"]]
[[696565,1521555,336,"bet"],[365016,1521556,284,"bet"]]
[[696700,1530779,235,"bet"],[826242,1530780,861,"bet"]]
[[696727,1540530,796,"bet"],[681357,1540531,487,"bet"]]
[[1035873,1551064,551,"bet"],[1768607,1551065,304,"bet"]]
[[696357,1560022,268,"bet"],[1903667,1560023,858,"bet"]]
[[1036321,1571929,565,"bet"],[384254,1571930,301,"bet"]]
[[1154517,1581732,921,"bet"],[1036210,1581733,57,"bet"]]
[[1266491,1592112,712,"bet"],[1090060,1592113,562,"bet"]]
[[696691,1600014,286,"bet"],[1699516,1600015,550,"bet"]]
[[1035839,1610847,896,"bet"],[531536,1610848,120,"bet"]]
[[782237,1621447,880,"bet"],[1035991,1621448,232,"bet"]]
[[1229465,1630012,525,"bet"],[696394,1630013,736,"bet"]]
[[1055262,1641125,546,"bet"],[1035861,1641126,549,"bet"]]
[[380788,1652121,274,"bet"],[696731,1652122,216,"bet"]]
[[1773609,1662176,126,"bet"],[696299,1662177,178,"bet"]]
[[696401,1670234,345,"bet"],[603004,1670235,659,"bet"]]
[[735738,1680335,885,"bet"],[696179,1680336,656,"bet"]]
[[1175506,1690144,945,"bet"],[696391,1690145,47,"bet"]]
[[696128,1702039,704,"bet"],[1154326,1702040,621,"bet"]]
[[1266434,1710172,351,"bet"],[482583,1710173,536,"bet"]]
[[696457,1720608,426,"bet"],[526734,1720609,585,"bet"]]
[[1266457,1731072,645,"bet"],[1842677,1731073,736,"bet"]]
[[696646,1742743,843,"bet"],[305518,1742744,964,"bet"]]
[[1035997,1752245,458,"bet"],[1777273,1752246,513,"bet"]]
[[696661,1760859,638,"bet"],[1597368,1760860,278,"bet"]]
[[1266550,1770731,60,"bet"],[1089620,1770732,821,"bet"]]
[[1035861,1780238,691,"bet"],[1911897,1780239,427,"bet"]]
[[282939,1790333,78,"bet"],[1036116,1790334,144,"bet"]]
[[1266437,1802712,267,"bet"],[1044079,1802713,600,"bet"]]
[[696002,1810372,608,"bet"],[1011961,1810373,573,"bet"]]
[[1548529,1820035,64,"bet"],[1035972,1820036,23,"bet"]]
[[891301,1830243,355,"bet"],[696179,1830244,518,"bet"]]
[[1404198,1840586,384,"bet"],[696709,1840587,446,"bet"]]
[[1026253,1851165,873,"bet"],[696011,1851166,744,"bet"]]
[[1279391,1860931,419,"bet"],[1036332,1860932,365,"bet"]]
[[920515,1871414,39,"bet"],[1036295,1871415,252,"bet"]]
[[696260,1882146,698,"bet"],[1554259,1882147,720,"bet"]]
[[1036378,1890711,974,"bet"],[1929314,1890712,501,"bet"]]
[[1036069,1900768,571,"bet"],[962653,1900769,993,"bet"]]
[[1036334,1911505,182,"bet"],[537484,1911506,796,"bet"]]
[[1800047,1920050,804,"bet"],[696654,1920051,417,"bet"]]
[[696206,1934589,690,"bet"],[1965568,1934590,345,"bet"]]
[[696361,1941403,482,"bet"],[871303,1941404,271,"bet"]]
[[1406248,1951211,205,"bet"],[696497,1951212,678,"bet"]]
[[696079,1960166,44,"bet"],[1589261,1960167,625,"bet"]]
[[371127,1971464,189,"bet"],[696653,1971465,916,"bet"]]
[[1266521,1981282,540,"bet"],[431717,1981283,812,"bet"]]
[[61776,1990844,718,"bet"],[696103,1990845,344,"bet"]]
[[1963324,2000027,450,"bet"],[1035902,2000028,265,"bet"]]
[[1036116,2012198,851,"bet"],[930239,2012199,491,"bet"]]
[[1422261,2021981,252,"bet"],[1266473,2021982,37,"bet"]]
[[1036396,2030146,689,"bet"],[661497,2030147,957,"bet"]]
[[1048499,2041359,923,"bet"],[696342,2041360,347,"bet"]]
[[772171,2052031,598,"bet"],[696042,2052032,849,"bet"]]
[[696504,2062502,598,"bet"],[1127534,2062503,423,"bet"]]
[[1035863,2070229,863,"bet"],[45682,2070230,352,"bet"]]
[[696627,2085921,309,"bet"],[64051,2085922,716,"bet"]]
[[696341,2090601,776,"bet"],[20260,2090602,250,"bet"]]
[[262028,2100487,383,"bet"],[1036242,2100488,515,"bet"]]
[[1036291,2110064,738,"bet"],[767242,2110065,123,"bet"]]
[[1478144,2120706,600,"bet"],[696720,2120707,475,"bet"]]
[[1036286,2132107,115,"bet"],[1918898,2132108,71,"bet"]]
[[1848492,2140306,446,"bet"],[1036230,2140307,231,"bet"]]
[[1036097,2152141,654,"bet"],[949422,2152142,346,"bet"]]
[[696127,2160211,391,"bet"],[1524368,2160212,703,"bet"]]
[[1224580,2171777,65,"bet"],[696265,2171778,389,"bet"]]
[[1865406,2181312,193,"bet"],[1266579,2181313,570,"bet"]]
[[1036304,2194577,513,"bet"],[446807,2194578,33,"bet"]]
[[696251,2202183,75,"bet"],[1151164,2202184,76,"bet"]]
[[1779638,2214929,647,"bet"],[696103,2214930,989,"bet"]]
[[696042,2221135,86,"bet"],[907150,2221136,917,"bet"]]
[[1967145,2230306,214,"bet"],[1266504,2230307,408,"bet"]]
[[1876714,2241047,235,"bet"],[1266658,2241048,749,"bet"]]
[[696479,2252176,179,"bet"],[1585363,2252177,197,"bet"]]
[[1036078,2265447,99,"bet"],[1233313,2265448,354,"bet"]]
[[696691,2270756,384,"bet"],[1335125,2270757,192,"bet"]]
[[969771,2281137,922,"bet"],[1266428,2281138,616,"bet"]]
[[696298,2291642,421,"bet"],[1264600,2291643,880,"bet"]]
[[1179609,2301201,473,"bet"],[696294,2301202,798,"bet"]]
[[766272,2312171,194,"bet"],[696235,2312172,395,"bet"]]
[[1266441,2320579,334,"bet"],[562820,2320580,669,"bet"]]
[[505067,2330824,86,"bet"],[1036142,2330825,83,"bet"]]
[[696024,2340080,307,"bet"],[415859,2340081,950,"bet"]]
[[1036275,2351555,268,"bet"],[1202211,2351556,654,"bet"]]
[[1586301,2360690,106,"bet"],[1036347,2360691,19,"bet"]]
[[1036074,2370908,326,"bet"],[1448005,2370909,485,"bet"]]
[[461249,2382062,686,"bet"],[696397,2382063,926,"bet"]]
[[1036168,2390322,66,"bet"],[481365,2390323,780,"bet"]]
[[1456020,2400047,542,"bet"],[1036324,2400048,633,"bet"]]
[[1266508,2410189,653,"bet"],[1643952,2410190,363,"bet"]]
[[1422682,2421361,784,"bet"],[1036368,2421362,792,"bet"]]
[[696541,2430081,877,"bet"],[840415,2430082,903,"bet"]]
[[52697,2440012,672,"bet"],[1036016,2440013,822,"bet"]]
[[1426870,2451224,430,"bet"],[696706,2451225,966,"bet"]]
[[1696780,2461349,77,"bet"],[1266612,2461350,869,"bet"]]
[[696034,2471834,671,"bet"],[1300694,2471835,959,"bet"]]
[[1036360,2481618,59,"bet"],[1182579,2481619,451,"bet"]]
[[288684,2491089,666,"bet"],[696328,2491090,859,"bet"]]
[[1036296,2503976,673,"bet"],[1361717,2503977,240,"bet"]]
[[1451998,2510975,808,"bet"],[696507,2510976,565,"bet"]]
[[1266536,2520642,467,"bet"],[178752,2520643,848,"bet"]]
[[455296,2532811,925,"bet"],[1266465,2532812,79,"bet"]]
[[696296,2540098,876,"bet"],[844970,2540099,346,"bet"]]
[[696436,2552014,681,"bet"],[973407,2552015,790,"bet"]]
[[1939841,2561952,802,"bet"],[696446,2561953,216,"bet"]]
[[696232,2570059,659,"bet"],[967195,2570060,155,"bet"]]
[[696411,2580101,160,"bet"],[1546543,2580102,20,"bet"]]
[[1036116,2591356,871,"bet"],[201925,2591357,447,"bet"]]
[[1036300,2600824,144,"bet"],[76944,2600825,171,"bet"]]
[[696588,2610057,555,"bet"],[191756,2610058,982,"bet"]]
[[1036198,2620017,772,"bet"],[316827,2620018,306,"bet"]]
[[696297,2632269,912,"bet"],[1122533,2632270,20,"bet"]]
[[372521,2642870,870,"bet"],[1036320,2642871,458,"bet"]]
[[696196,2653378,823,"bet"],[1939541,2653379,271,"bet"]]
[[1036228,2662186,78,"bet"],[1089693,2662187,532,"bet"]]
[[532192,2670965,378,"bet"],[696446,2670966,988,"bet"]]
[[268440,2682494,170,"bet"],[696451,2682495,732,"bet"]]
[[1431139,2690156,68,"bet"],[696540,2690157,973,"bet"]]
[[847309,2700422,766,"bet"],[696032,2700423,992,"bet"]]
[[1036203,2710402,925,"bet"],[1761509,2710403,73,"bet"]]
[[1266568,2721859,577,"bet"],[1409555,2721860,947,"bet"]]
[[1266636,2730714,814,"bet"],[1510956,2730715,407,"bet"]]
[[1036196,2740089,174,"bet"],[1086402,2740090,781,"bet"]]
[[1035844,2751889,223,"bet"],[1237715,2751890,734,"bet"]]
[[1036402,2760417,535,"bet"],[951527,2760418,905,"bet"]]
[[1281529,2770355,639,"bet"],[1266656,2770356,538,"bet"]]
[[1041470,2780414,485,"bet"],[696311,2780415,217,"bet"]]
[[696260,2790407,253,"bet"],[572189,2790408,510,"bet"]]
[[696077,2802205,234,"bet"],[1967746,2802206,108,"bet"]]
[[1266512,2810881,650,"bet"],[1679072,2810882,909,"bet"]]
[[1035866,2820556,254,"bet"],[1082803,2820557,68,"bet"]]
[[1035932,2833109,512,"bet"],[1165105,2833110,840,"bet"]]
[[696701,2840348,826,"bet"],[592566,2840349,641,"bet"]]
[[315430,2850202,916,"bet"],[696775,2850203,68,"bet"]]
[[602588,2863782,292,"bet"],[696315,2863783,412,"bet"]]
[[696241,2870390,817,"bet"],[313390,2870391,355,"bet"]]
[[956208,2880091,186,"bet"],[696220,2880092,197,"bet"]]
[[1036019,2890128,110,"bet"],[776467,2890129,919,"bet"]]
[[1036221,2900260,636,"bet"],[364294,2900261,251,"bet"]]
[[124781,2911354,527,"bet"],[1036077,2911355,813,"bet"]]
[[88449,2920353,187,"bet"],[1035887,2920354,740,"bet"]]
[[1036059,2931646,557,"bet"],[616113,2931647,536,"bet"]]
[[1035921,2940035,18,"bet"],[22116,2940036,749,"bet"]]
[[1036032,2951314,528,"bet"],[1512539,2951315,513,"bet"]]
[[1266471,2961998,402,"bet"],[1818694,2961999,379,"bet"]]
[[1036065,2970791,155,"bet"],[1581570,2970792,330,"bet"]]
[[1036241,2980045,841,"bet"],[985424,2980046,601,"bet"]]
[[1036293,2990474,40,"bet"],[1804559,2990475,405,"bet"]]
[[549345,3000601,326,"bet"],[1036023,3000602,790,"bet"]]
[[696331,3012056,578,"bet"],[725116,3012057,586,"bet"]]
[[322542,3020619,760,"bet"],[1266442,3020620,614,"bet"]]
[[696452,3033263,538,"bet"],[1950876,3033264,992,"bet"]]
[[1266629,3040731,315,"bet"],[1445763,3040732,591,"bet"]]
[[213821,3050136,204,"bet"],[1036042,3050137,231,"bet"]]
[[1036244,3060328,34,"bet"],[312648,3060329,613,"bet"]]
[[224289,3072375,370,"bet"],[696390,3072376,896,"bet"]]
[[1035817,3081737,227,"bet"],[1735249,3081738,815,"bet"]]
[[183469,3090096,464,"bet"],[1266573,3090097,400,"bet"]]
[[1266619,3100332,256,"bet"],[760793,3100333,801,"bet"]]
[[696075,3116795,603,"bet"],[36027,3116796,85,"bet"]]
[[696252,3121297,783,"bet"],[677916,3121298,334,"bet"]]
[[1985513,3133337,105,"bet"],[1036001,3133338,594,"bet"]]
[[1035813,3142971,42,"bet"],[1732487,3142972,374,"bet"]]
[[1036299,3154712,55,"bet"],[1688605,3154713,854,"bet"]]
[[1454063,3160599,179,"bet"],[1036334,3160600,520,"bet"]]
[[696773,3172806,385,"bet"],[188041,3172807,701,"bet"]]
[[696651,3180948,184,"bet"],[361529,3180949,828,"bet"]]
[[1036069,3190913,666,"bet"],[1029210,3190914,621,"bet"]]
[[1035903,3200644,849,"bet"],[1008878,3200645,553,"bet"]]
[[951490,3210027,728,"bet"],[696070,3210028,372,"bet"]]
[[696193,3220368,571,"bet"],[1150450,3220369,806,"bet"]]
[[696061,3230113,886,"bet"],[1973180,3230114,594,"bet"]]
[[695598,3240586,726,"bet"],[696769,3240587,992,"bet"]]
[[1035982,3252904,702,"bet"],[1114248,3252905,432,"bet"]]
[[696136,3262304,433,"bet"],[448496,3262305,301,"bet"]]
[[1829870,3271790,825,"bet"],[696656,3271791,945,"bet"]]
[[1247431,3282927,844,"bet"],[696247,3282928,648,"bet"]]
[[696592,3292909,721,"bet"],[1831551,3292910,25,"bet"]]
[[696425,3300475,748,"bet"],[1667609,3300476,673,"bet"]]
[[696400,3310627,573,"bet"],[1854471,3310628,692,"bet"]]
[[1266476,3321310,117,"bet"],[1073232,3321311,805,"bet"]]
[[696002,3331199,931,"bet"],[1312,3331200,634,"bet"]]
[[712360,3340402,35,"bet"],[696712,3340403,886,"bet"]]
[[746049,3350842,472,"bet"],[1036276,3350843,652,"bet"]]
[[696521,3360340,70,"bet"],[1067636,3360341,736,"bet"]]
[[696675,3372402,119,"bet"],[1170136,3372403,79,"bet"]]
[[1036153,3381844,29,"bet"],[1113490,3381845,869,"bet"]]
[[696451,3392133,590,"bet"],[802177,3392134,283,"bet"]]
[[696751,3400905,487,"bet"],[23034,3400906,222,"bet"]]
[[696151,3410471,969,"bet"],[501865,3410472,205,"bet"]]
[[1035947,3420960,490,"bet"],[1493188,3420961,431,"bet"]]
[[1755956,3430505,568,"bet"],[1035890,3430506,308,"bet"]]
[[1035836,3440659,504,"bet"],[174309,3440660,911,"bet"]]
[[1443175,3450647,557,"bet"],[1035938,3450648,53,"bet"]]
[[1036169,3462838,522,"bet"],[1391328,3462839,636,"bet"]]
[[413785,3470714,665,"bet"],[696234,3470715,228,"bet"]]
[[696492,3480049,364,"bet"],[1622550,3480050,428,"bet"]]
[[1266515,3494326,419,"bet"],[71431,3494327,172,"bet"]]
[[1249644,3501511,450,"bet"],[696494,3501512,238,"bet"]]
[[1201336,3510343,712,"bet"],[696582,3510344,650,"bet"]]
[[1036260,3526044,31,"bet"],[560875,3526045,665,"bet"]]
[[696488,3530910,776,"bet"],[1457816,3530911,630,"bet"]]
[[1451576,3540690,247,"bet"],[696530,3540691,110,"bet"]]
[[691237,3551816,512,"bet"],[1035801,3551817,491,"bet"]]
[[1266464,3562815,198,"bet"],[130314,3562816,396,"bet"]]
[[1036200,3573296,817,"bet"],[1900247,3573297,982,"bet"]]
[[696738,3580265,881,"bet"],[839168,3580266,463,"bet"]]
[[1036153,3590424,351,"bet"],[1214446,3590425,46,"bet"]]
[[1036002,3604219,310,"bet"],[1311316,3604220,984,"bet"]]
[[1036110,3611750,769,"bet"],[679561,3611751,351,"bet"]]
[[696707,3621269,559,"bet"],[1388663,3621270,890,"bet"]]
[[696770,3633035,284,"bet"],[1858082,3633036,990,"bet"]]
[[696482,3640796,238,"bet"],[164248,3640797,384,"bet"]]
[[696063,3651739,922,"bet"],[670722,3651740,448,"bet"]]
[[696351,3660637,526,"bet"],[538030,3660638,683,"bet"]]
[[696217,3671932,485,"bet"],[1813711,3671933,538,"bet"]]
[[426447,3681523,893,"bet"],[1266519,3681524,919,"bet"]]
[[1036178,3691404,331,"bet"],[515789,3691405,397,"bet"]]
[[696378,3700124,491,"bet"],[647390,3700125,452,"bet"]]
[[830244,3710136,410,"bet"],[696543,3710137,791,"bet"]]
[[1036231,3724055,87,"bet"],[322291,3724056,268,"bet"]]
[[1266467,3730657,168,"bet"],[989374,3730658,757,"bet"]]
[[696297,3740079,339,"bet"],[246407,3740080,14,"bet"]]
[[1035860,3750579,879,"bet"],[1451042,3750580,767,"bet"]]
[[1035849,3760859,999,"bet"],[1036476,3760860,635,"bet"]]
[[874514,3772072,413,"bet"],[696395,3772073,287,"bet"]]
[[1266435,3782491,13,"bet"],[316061,3782492,28,"bet"]]
[[1035970,3790589,195,"bet"],[676326,3790590,733,"bet"]]
[[696322,3800270,861,"bet"],[453633,3800271,953,"bet"]]
[[1035869,3810250,889,"bet"],[1312343,3810251,122,"bet"]]
[[1036279,3820672,617,"bet"],[1091848,3820673,366,"bet"]]
[[718268,3832616,481,"bet"],[1036086,3832617,723,"bet"]]
[[1036037,3840568,42,"bet"],[1025345,3840569,795,"bet"]]
[[461792,3850409,642,"bet"],[1036346,3850410,461,"bet"]]
[[1128323,3860052,815,"bet"],[1035788,3860053,194,"bet"]]
[[1266526,3870870,321,"bet"],[1684455,3870871,939,"bet"]]
[[1036288,3880256,78,"bet"],[1697567,3880257,707,"bet"]]
[[1036088,3894072,143,"bet"],[1146157,3894073,180,"bet"]]
[[711916,3900263,870,"bet"],[1036387,3900264,509,"bet"]]
[[696411,3910726,574,"bet"],[915329,3910727,110,"bet"]]
[[1933163,3921775,249,"bet"],[696063,3921776,477,"bet"]]
[[696658,3930231,319,"bet"],[1384078,3930232,306,"bet"]]
[[696344,3940256,704,"bet"],[1330558,3940257,954,"bet"]]
[[696550,3950761,237,"bet"],[904708,3950762,265,"bet"]]
[[1036234,3960072,710,"bet"],[1296913,3960073,665,"bet"]]
[[696549,3971159,431,"bet"],[520776,3971160,935,"bet"]]
[[27983,3980114,398,"bet"],[696772,3980115,445,"bet"]]
[[696433,3993317,449,"bet"],[1320192,3993318,290,"bet"]]
[[120961,4000089,228,"bet"],[1036312,4000090,341,"bet"]]
[[1035884,4011344,26,"bet"],[944472,4011345,578,"bet"]]
[[273194,4020159,825,"bet"],[1266522,4020160,189,"bet"]]
[[1035788,4031216,107,"bet"],[1574964,4031217,980,"bet"]]
[[1036119,4040027,351,"bet"],[1631640,4040028,470,"bet"]]
[[696210,4050816,805,"bet"],[422737,4050817,196,"bet"]]
[[1252599,4060296,372,"bet"],[1266553,4060297,196,"bet"]]
[[1036213,4070133,192,"bet"],[1721210,4070134,654,"bet"]]
[[1041939,4084437,754,"bet"],[696293,4084438,78,"bet"]]
[[1266526,4090217,55,"bet"],[450058,4090218,154,"bet"]]
[[1056476,4102783,327,"bet"],[696101,4102784,377,"bet"]]
[[1035968,4111307,127,"bet"],[987320,4111308,959,"bet"]]
[[696478,4120490,313,"bet"],[1951104,4120491,443,"bet"]]
[[172142,4130943,327,"bet"],[1036241,4130944,725,"bet"]]
[[1266510,4143081,384,"bet"],[309323,4143082,32,"bet"]]
[[1819778,4150591,88,"bet"],[1036115,4150592,621,"bet"]]
[[696315,4160027,757,"bet"],[1166979,4160028,882,"bet"]]
[[696255,4170343,814,"bet"],[1675182,4170344,62,"bet"]]
[[1266539,4180224,826,"bet"],[654784,4180225,205,"bet"]]
[[696054,4191110,821,"bet"],[1612586,4191111,423,"bet"]]
[[1036163,4200480,245,"bet"],[977855,4200481,275,"bet"]]
[[696543,4210260,905,"bet"],[726966,4210261,361,"bet"]]
[[1035876,4220310,211,"bet"],[1098922,4220311,938,"bet"]]
[[696289,4232980,727,"bet"],[220924,4232981,957,"bet"]]
[[1348438,4242682,219,"bet"],[1036091,4242683,278,"bet"]]
[[1036019,4251277,28,"bet"],[647840,4251278,367,"bet"]]
[[1036284,4260370,541,"bet"],[1461771,4260371,764,"bet"]]
[[696071,4270052,733,"bet"],[1523769,4270053,772,"bet"]]
[[696232,4280050,434,"bet"],[946336,4280051,169,"bet"]]
[[1266520,4291998,387,"bet"],[1970396,4291999,89,"bet"]]
[[1036388,4300192,851,"bet"],[175468,4300193,357,"bet"]]
[[696710,4310177,740,"bet"],[256098,4310178,752,"bet"]]
[[791323,4320995,693,"bet"],[696701,4320996,701,"bet"]]
[[696052,4331213,638,"bet"],[200728,4331214,383,"bet"]]
[[696057,4340129,73,"bet"],[1236490,4340130,703,"bet"]]
[[696651,4351167,471,"bet"],[1677205,4351168,399,"bet"]]
[[1035978,4361925,182,"bet"],[1004799,4361926,916,"bet"]]
[[1036375,4370553,496,"bet"],[1920304,4370554,581,"bet"]]
[[1266636,4380945,297,"bet"],[1717100,4380946,648,"bet"]]
[[1036137,4390419,765,"bet"],[1793104,4390420,282,"bet"]]
[[1276823,4400505,50,"bet"],[696434,4400506,445,"bet"]]
[[1861792,4410998,675,"bet"],[696773,4410999,637,"bet"]]
[[1036054,4420759,74,"bet"],[1514842,4420760,922,"bet"]]
[[696699,4432141,962,"bet"],[1531388,4432142,167,"bet"]]
[[696522,4440459,72,"bet"],[1721687,4440460,789,"bet"]]
[[1036364,4453007,302,"bet"],[397579,4453008,679,"bet"]]
[[696352,4461294,213,"bet"],[1583018,4461295,957,"bet"]]
[[696274,4470618,34,"bet"],[1886905,4470619,21,"bet"]]
[[696536,4482296,754,"bet"],[1461784,4482297,120,"bet"]]
[[1266618,4491873,31,"bet"],[1590068,4491874,453,"bet"]]
[[696261,4500756,594,"bet"],[433579,4500757,952,"bet"]]
[[1992716,4511170,782,"bet"],[696015,4511171,895,"bet"]]
[[696087,4520898,98,"bet"],[8058,4520899,990,"bet"]]
[[1036100,4533629,855,"bet"],[1295349,4533630,395,"bet"]]
[[696592,4541067,336,"bet"],[1575980,4541068,951,"bet"]]
[[1036381,4550416,904,"bet"],[728638,4550417,765,"bet"]]
[[979112,4560204,885,"bet"],[696133,4560205,64,"bet"]]
[[1035940,4570029,11,"bet"],[591570,4570030,356,"bet"]]
[[696534,4580809,237,"bet"],[1210103,4580810,367,"bet"]]
[[1313667,4590970,139,"bet"],[696032,4590971,78,"bet"]]
[[1036287,4602962,373,"bet"],[1725313,4602963,899,"bet"]]
[[167461,4611697,966,"bet"],[696664,4611698,680,"bet"]]
[[696148,4621255,635,"bet"],[784800,4621256,175,"bet"]]
[[1266511,4631029,445,"bet"],[901283,4631030,305,"bet"]]
[[1035966,4640310,893,"bet"],[1598665,4640311,340,"bet"]]
[[1137947,4650159,191,"bet"],[1036066,4650160,661,"bet"]]
[[696376,4660111,159,"bet"],[1281765,4660112,587,"bet"]]
[[83286,4670045,168,"bet"],[1035914,4670046,818,"bet"]]
[[696315,4681198,107,"bet"],[888177,4681199,822,"bet"]]
[[696616,4691199,158,"bet"],[801454,4691200,761,"bet"]]
[[1036009,4702176,645,"bet"],[576360,4702177,290,"bet"]]
[[1035874,4710794,699,"bet"],[501880,4710795,386,"bet"]]
[[696401,4721618,110,"bet"],[1873961,4721619,948,"bet"]]
[[43387,4730002,824,"bet"],[1036316,4730003,898,"bet"]]
[[1716320,4740007,264,"bet"],[1266642,4740008,445,"bet"]]
[[696492,4750202,446,"bet"],[109794,4750203,191,"bet"]]
[[696771,4760236,159,"bet"],[1902837,4760237,60,"bet"]]
[[696157,4771543,387,"bet"],[387391,4771544,658,"bet"]]
[[797140,4782314,164,"bet"],[1266470,4782315,752,"bet"]]
[[696107,4791021,315,"bet"],[1017587,4791022,155,"bet"]]
[[1855930,4801354,285,"bet"],[696722,4801355,334,"bet"]]
[[696166,4810499,925,"bet"],[1674355,4810500,503,"bet"]]
[[1596856,4820475,719,"bet"],[696159,4820476,348,"bet"]]
[[1909914,4830067,353,"bet"],[1035891,4830068,364,"bet"]]
[[1166472,4841952,880,"bet"],[1036164,4841953,450,"bet"]]
[[360491,4852021,225,"bet"],[696151,4852022,420,"bet"]]
[[81316,4860179,919,"bet"],[1035885,4860180,398,"bet"]]
[[160714,4871292,189,"bet"],[1036242,4871293,566,"bet"]]
[[1252670,4882370,445,"bet"],[1266495,4882371,875,"bet"]]
[[696723,4892271,520,"bet"],[63088,4892272,347,"bet"]]
[[1286341,4901674,202,"bet"],[1266549,4901675,658,"bet"]]
[[696339,4910957,348,"bet"],[156790,4910958,278,"bet"]]
[[696065,4923903,202,"bet"],[1668577,4923904,266,"bet"]]
[[1266532,4930171,886,"bet"],[109428,4930172,176,"bet"]]
[[696742,4941744,707,"bet"],[93058,4941745,975,"bet"]]
[[1892153,4950365,467,"bet"],[696040,4950366,862,"bet"]]
[[1266594,4960335,612,"bet"],[1815384,4960336,953,"bet"]]
[[1546893,4972324,710,"bet"],[1036084,4972325,640,"bet"]]
[[1035838,4982332,110,"bet"],[1971560,4982333,480,"bet"]]
[[696478,4990462,792,"bet"],[360987,4990463,669,"bet"]]
[[1035887,5000492,602,"bet"],[1165803,5000493,220,"bet"]]
[[1036100,5010862,368,"bet"],[328356,5010863,912,"bet"]]
[[696201,5021777,232,"bet"],[1177023,5021778,236,"bet"]]
[[696045,5032924,161,"bet"],[1704109,5032925,283,"bet"]]
[[1036341,5040255,888,"bet"],[1797507,5040256,124,"bet"]]
[[1035924,5055020,262,"bet"],[1886988,5055021,837,"bet"]]
[[1001225,5065394,790,"bet"],[1266604,5065395,235,"bet"]]
[[1192786,5071546,231,"bet"],[696544,5071547,21,"bet"]]
[[696695,5080650,756,"bet"],[608851,5080651,60,"bet"]]
[[696600,5093309,637,"bet"],[1832561,5093310,978,"bet"]]
[[1035816,5100664,766,"bet"],[660444,5100665,438,"bet"]]
[[1036336,5110852,21,"bet"],[1626141,5110853,684,"bet"]]
[[696085,5120584,663,"bet"],[821840,5120585,797,"bet"]]
[[500632,5130368,873,"bet"],[696042,5130369,702,"bet"]]
[[696314,5140052,155,"bet"],[329984,5140053,34,"bet"]]
[[696594,5150719,435,"bet"],[1136986,5150720,96,"bet"]]
[[551187,5160414,614,"bet"],[1035993,5160415,374,"bet"]]
[[696254,5170427,993,"bet"],[584878,5170428,190,"bet"]]
[[1036341,5180447,72,"bet"],[864,5180448,535,"bet"]]
[[696026,5190568,954,"bet"],[1298546,5190569,657,"bet"]]
[[1035819,5200906,770,"bet"],[1989632,5200907,505,"bet"]]
[[696561,5211521,953,"bet"],[1499674,5211522,903,"bet"]]
[[719465,5220652,196,"bet"],[696552,5220653,266,"bet"]]
[[1036184,5234854,91,"bet"],[1484692,5234855,115,"bet"]]
[[1266486,5240255,372,"bet"],[699110,5240256,503,"bet"]]
[[1091276,5250187,807,"bet"],[1035877,5250188,286,"bet"]]
[[833951,5260256,68,"bet"],[696349,5260257,582,"bet"]]
[[1036092,5270054,858,"bet"],[568173,5270055,265,"bet"]]
[[1266581,5280086,835,"bet"],[1644262,5280087,100,"bet"]]
[[1036168,5291203,197,"bet"],[1793989,5291204,368,"bet"]]
[[1035947,5301149,35,"bet"],[600,5301150,719,"bet"]]
[[1035821,5310563,222,"bet"],[1316000,5310564,567,"bet"]]
[[1035955,5321556,86,"bet"],[1579153,5321557,463,"bet"]]
[[696530,5330350,989,"bet"],[574459,5330351,937,"bet"]]
[[1266437,5340485,992,"bet"],[212132,5340486,23,"bet"]]
[[753638,5350859,70,"bet"],[1036066,5350860,855,"bet"]]
[[696288,5360240,903,"bet"],[1824205,5360241,835,"bet"]]
[[176266,5371044,650,"bet"],[1036328,5371045,88,"bet"]]
[[696622,5381787,842,"bet"],[799312,5381788,122,"bet"]]
[[879312,5394125,410,"bet"],[1036052,5394126,775,"bet"]]
[[696771,5400588,576,"bet"],[623068,5400589,969,"bet"]]
[[1358652,5410060,875,"bet"],[696025,5410061,831,"bet"]]
[[696557,5420177,947,"bet"],[405634,5420178,574,"bet"]]
[[696340,5430123,146,"bet"],[375760,5430124,81,"bet"]]
[[696203,5440826,440,"bet"],[224998,5440827,777,"bet"]]
[[696547,5451412,977,"bet"],[714643,5451413,784,"bet"]]
[[127697,5461649,869,"bet"],[1035961,5461650,891,"bet"]]
[[1019140,5474824,950,"bet"],[1266529,5474825,604,"bet"]]
[[696612,5480128,769,"bet"],[600250,5480129,951,"bet"]]
[[696175,5491486,12,"bet"],[678973,5491487,464,"bet"]]
[[696272,5500256,955,"bet"],[1189796,5500257,295,"bet"]]
[[1255987,5510390,50,"bet"],[696741,5510391,93,"bet"]]
[[1266607,5520086,690,"bet"],[631504,5520087,190,"bet"]]
[[696278,5533497,372,"bet"],[103867,5533498,660,"bet"]]
[[1266500,5540724,835,"bet"],[711037,5540725,667,"bet"]]
[[1036363,5550851,760,"bet"],[1041759,5550852,222,"bet"]]
[[400543,5560586,886,"bet"],[696691,5560587,568,"bet"]]
[[1035785,5572639,755,"bet"],[1012641,5572640,355,"bet"]]
[[1035943,5581516,447,"bet"],[778266,5581517,291,"bet"]]
[[1036066,5592057,367,"bet"],[1802474,5592058,848,"bet"]]
[[1035947,5601239,361,"bet"],[1867658,5601240,776,"bet"]]
[[1035914,5610896,963,"bet"],[1342190,5610897,65,"bet"]]
[[110120,5620194,687,"bet"],[696067,5620195,949,"bet"]]
[[1035915,5630571,703,"bet"],[63851,5630572,71,"bet"]]
[[696734,5640862,467,"bet"],[1738210,5640863,923,"bet"]]
[[1266517,5650375,422,"bet"],[1245647,5650376,839,"bet"]]
[[696218,5661441,343,"bet"],[28139,5661442,724,"bet"]]
[[1266439,5670569,615,"bet"],[1023176,5670570,850,"bet"]]
[[696059,5680659,616,"bet"],[1184249,5680660,486,"bet"]]
[[1035813,5690452,720,"bet"],[1726542,5690453,694,"bet"]]
[[1035892,5702116,769,"bet"],[1891389,5702117,181,"bet"]]
[[696087,5710191,553,"bet"],[1699956,5710192,776,"bet"]]
[[696625,5720084,174,"bet"],[1058626,5720085,531,"bet"]]
[[866526,5730109,332,"bet"],[696274,5730110,614,"bet"]]
[[696403,5740088,120,"bet"],[1519025,5740089,532,"bet"]]
[[296341,5750375,514,"bet"],[1266617,5750376,49,"bet"]]
[[114000,5760248,283,"bet"],[1035914,5760249,530,"bet"]]
[[696490,5772019,543,"bet"],[1219892,5772020,543,"bet"]]
[[1036076,5781727,89,"bet"],[1426242,5781728,704,"bet"]]
[[1356270,5791689,824,"bet"],[696694,5791690,671,"bet"]]
[[408092,5800035,460,"bet"],[696608,5800036,522,"bet"]]
[[1515310,5810787,578,"bet"],[1035911,5810788,482,"bet"]]
[[696446,5823281,785,"bet"],[782618,5823282,917,"bet"]]
[[1036140,5830004,677,"bet"],[1633430,5830005,676,"bet"]]
[[1036169,5840532,425,"bet"],[1807695,5840533,297,"bet"]]
[[1035816,5851691,788,"bet"],[3353,5851692,26,"bet"]]
[[842998,5863557,69,"bet"],[696744,5863558,137,"bet"]]
[[555636,5872362,142,"bet"],[1035909,5872363,23,"bet"]]
[[1036278,5880809,891,"bet"],[398561,5880810,931,"bet"]]
[[1035871,5890393,560,"bet"],[1495454,5890394,566,"bet"]]
[[1035881,5902014,822,"bet"],[1816169,5902015,320,"bet"]]
[[637030,5911657,708,"bet"],[1036115,5911658,481,"bet"]]
[[696177,5921528,199,"bet"],[106417,5921529,170,"bet"]]
[[846960,5930197,910,"bet"],[696137,5930198,361,"bet"]]
[[696627,5948113,362,"bet"],[654022,5948114,745,"bet"]]
[[696303,5951697,653,"bet"],[1402270,5951698,958,"bet"]]
[[1487715,5960878,493,"bet"],[1035910,5960879,152,"bet"]]
[[1035973,5970057,86,"bet"],[187403,5970058,665,"bet"]]
[[689386,5980050,249,"bet"],[696097,5980051,337,"bet"]]
[[1701803,5990156,557,"bet"],[1266499,5990157,904,"bet"]]
[[118340,6003132,453,"bet"],[1035791,6003133,117,"bet"]]
[[696181,6010635,847,"bet"],[838994,6010636,98,"bet"]]
[[1036165,6020530,756,"bet"],[594289,6020531,816,"bet"]]
[[559165,6030477,773,"bet"],[696387,6030478,617,"bet"]]
[[1035934,6040283,163,"bet"],[663707,6040284,325,"bet"]]
[[1035929,6050589,384,"bet"],[374491,6050590,351,"bet"]]
[[736795,6060802,234,"bet"],[696098,6060803,765,"bet"]]
[[370761,6070761,375,"bet"],[1036338,6070762,656,"bet"]]
[[696302,6080801,294,"bet"],[603421,6080802,97,"bet"]]
[[696725,6092107,590,"bet"],[1515772,6092108,425,"bet"]]
[[1675297,6103307,243,"bet"],[1266545,6103308,767,"bet"]]
[[696438,6110689,970,"bet"],[569452,6110690,594,"bet"]]
[[696203,6122282,938,"bet"],[204542,6122283,171,"bet"]]
[[696529,6130206,447,"bet"],[30215,6130207,667,"bet"]]
[[839351,6140094,282,"bet"],[696670,6140095,224,"bet"]]
[[195057,6151257,178,"bet"],[696333,6151258,86,"bet"]]
[[696260,6162271,250,"bet"],[1397003,6162272,717,"bet"]]
[[1266605,6171511,784,"bet"],[536890,6171512,60,"bet"]]
[[1970089,6180903,95,"bet"],[1266578,6180904,769,"bet"]]
[[1387593,6191897,309,"bet"],[1036070,6191898,627,"bet"]]
[[712006,6201725,483,"bet"],[1266567,6201726,30,"bet"]]
[[696405,6210138,222,"bet"],[1151195,6210139,889,"bet"]]
[[1974376,6223453,973,"bet"],[1266526,6223454,991,"bet"]]
[[81233,6230640,509,"bet"],[1035980,6230641,565,"bet"]]
[[1035975,6241178,445,"bet"],[1269341,6241179,563,"bet"]]
[[696277,6251895,167,"bet"],[1574633,6251896,245,"bet"]]
[[1036188,6260576,36,"bet"],[1524816,6260577,616,"bet"]]
[[1919709,6270156,872,"bet"],[1266457,6270157,590,"bet"]]
[[1757122,6280776,372,"bet"],[1036276,6280777,221,"bet"]]
[[696081,6293927,447,"bet"],[1689704,6293928,387,"bet"]]
[[668547,6300131,538,"bet"],[696234,6300132,88,"bet"]]
[[465979,6310197,623,"bet"],[696029,6310198,543,"bet"]]
[[696624,6320303,926,"bet"],[1970973,6320304,149,"bet"]]
[[1036084,6331027,359,"bet"],[898273,6331028,434,"bet"]]
[[1036294,6340373,438,"bet"],[1467517,6340374,599,"bet"]]
[[696634,6351652,928,"bet"],[579431,6351653,413,"bet"]]
[[86221,6360353,766,"bet"],[1036272,6360354,380,"bet"]]
[[696058,6373020,49,"bet"],[105579,6373021,285,"bet"]]
[[1036006,6380568,353,"bet"],[1595381,6380569,721,"bet"]]
[[1266552,6390025,136,"bet"],[602903,6390026,815,"bet"]]
[[1035893,6400495,401,"bet"],[185129,6400496,454,"bet"]]
[[364232,6410714,842,"bet"],[1036052,6410715,542,"bet"]]
[[1266507,6420052,426,"bet"],[1960364,6420053,206,"bet"]]
[[457119,6430121,895,"bet"],[1035842,6430122,957,"bet"]]
[[831922,6440291,713,"bet"],[1266446,6440292,925,"bet"]]
[[50499,6451239,687,"bet"],[696528,6451240,757,"bet"]]
[[1256576,6460174,155,"bet"],[1266429,6460175,317,"bet"]]
[[696114,6471388,547,"bet"],[625555,6471389,869,"bet"]]
[[965356,6480027,500,"bet"],[1036201,6480028,736,"bet"]]
[[1266613,6491374,512,"bet"],[1289069,6491375,37,"bet"]]
[[1018390,6501351,866,"bet"],[696088,6501352,27,"bet"]]
[[1035902,6510348,539,"bet"],[1537060,6510349,745,"bet"]]
[[474851,6520824,367,"bet"],[1266608,6520825,811,"bet"]]
[[696710,6530614,712,"bet"],[56662,6530615,230,"bet"]]
[[1542648,6540697,446,"bet"],[1036146,6540698,386,"bet"]]
[[1035941,6551656,961,"bet"],[1244122,6551657,533,"bet"]]
[[1035890,6560861,159,"bet"],[146585,6560862,736,"bet"]]
[[1180976,6572039,429,"bet"],[696675,6572040,132,"bet"]]
[[490025,6580817,861,"bet"],[696528,6580818,78,"bet"]]
[[929544,6590891,175,"bet"],[696114,6590892,819,"bet"]]
[[696106,6600591,727,"bet"],[1790406,6600592,143,"bet"]]
[[1472058,6611444,626,"bet"],[1266547,6611445,320,"bet"]]
[[1921441,6624026,679,"bet"],[1266483,6624027,558,"bet"]]
[[342759,6631295,692,"bet"],[696260,6631296,16,"bet"]]
[[1052984,6643500,995,"bet"],[1266523,6643501,726,"bet"]]
[[696167,6650930,318,"bet"],[962114,6650931,307,"bet"]]
[[696458,6660159,170,"bet"],[1271498,6660160,231,"bet"]]
[[1132661,6671740,530,"bet"],[696388,6671741,328,"bet"]]
[[1064028,6682545,962,"bet"],[696258,6682546,188,"bet"]]
[[696051,6690652,95,"bet"],[561381,6690653,224,"bet"]]
[[853660,6700017,353,"bet"],[1036172,6700018,249,"bet"]]
[[1036003,6710318,905,"bet"],[875575,6710319,871,"bet"]]
[[696089,6720948,647,"bet"],[1854269,6720949,503,"bet"]]
[[1284536,6730655,804,"bet"],[1036148,6730656,693,"bet"]]
[[1266528,6740236,623,"bet"],[835589,6740237,393,"bet"]]
[[696766,6752243,196,"bet"],[76646,6752244,616,"bet"]]
[[696272,6765039,134,"bet"],[425498,6765040,267,"bet"]]
[[696430,6771329,135,"bet"],[1084210,6771330,351,"bet"]]
[[1266650,6781662,300,"bet"],[1468874,6781663,981,"bet"]]
[[136255,6790822,336,"bet"],[1035977,6790823,630,"bet"]]
[[1036197,6801076,550,"bet"],[1198474,6801077,475,"bet"]]
[[1048628,6811526,726,"bet"],[696449,6811527,523,"bet"]]
[[943378,6823544,853,"bet"],[1036188,6823545,897,"bet"]]
[[753773,6830908,478,"bet"],[1266486,6830909,42,"bet"]]
[[696363,6841079,367,"bet"],[1135627,6841080,805,"bet"]]
[[696689,6850101,258,"bet"],[521124,6850102,629,"bet"]]
[[1982058,6860675,844,"bet"],[696729,6860676,617,"bet"]]
[[1036059,6870050,121,"bet"],[1042109,6870051,865,"bet"]]
[[696455,6880719,550,"bet"],[555046,6880720,143,"bet"]]
[[506429,6893662,857,"bet"],[1266568,6893663,15,"bet"]]
[[1388817,6902255,40,"bet"],[1266589,6902256,289,"bet"]]
[[1035866,6910380,297,"bet"],[197141,6910381,941,"bet"]]
[[1266571,6920232,828,"bet"],[1936441,6920233,620,"bet"]]
[[1035839,6930099,302,"bet"],[1938495,6930100,560,"bet"]]
[[696145,6942377,88,"bet"],[1009735,6942378,582,"bet"]]
[[454257,6951859,887,"bet"],[696533,6951860,718,"bet"]]
[[1036077,6960040,585,"bet"],[1921540,6960041,187,"bet"]]
[[1302550,6970343,111,"bet"],[696278,6970344,687,"bet"]]
[[1036017,6980370,707,"bet"],[856188,6980371,250,"bet"]]
[[1036394,6991091,767,"bet"],[1633949,6991092,89,"bet"]]
[[1035930,7003113,321,"bet"],[353163,7003114,665,"bet"]]
[[1954232,7010871,469,"bet"],[696288,7010872,823,"bet"]]
[[1578841,7021437,220,"bet"],[696107,7021438,318,"bet"]]
[[1036043,7031191,638,"bet"],[41469,7031192,582,"bet"]]
[[1036116,7040931,279,"bet"],[982620,7040932,910,"bet"]]
[[696550,7051325,494,"bet"],[1296426,7051326,761,"bet"]]
[[1917128,7063352,708,"bet"],[696513,7063353,833,"bet"]]
[[365096,7072220,897,"bet"],[1035903,7072221,489,"bet"]]
[[1554663,7084023,802,"bet"],[696513,7084024,616,"bet"]]
[[696324,7090682,402,"bet"],[1353455,7090683,102,"bet"]]
[[1794414,7101770,63,"bet"],[696673,7101771,62,"bet"]]
[[1036092,7111868,23,"bet"],[148757,7111869,330,"bet"]]
[[696274,7120194,408,"bet"],[701083,7120195,531,"bet"]]
[[1035791,7132732,164,"bet"],[610143,7132733,310,"bet"]]
[[1266632,7140492,61,"bet"],[1084275,7140493,791,"bet"]]
[[696209,7150010,890,"bet"],[294171,7150011,433,"bet"]]
[[161394,7161907,753,"bet"],[1035942,7161908,240,"bet"]]
[[696696,7171917,601,"bet"],[60606,7171918,487,"bet"]]
[[1266628,7180232,975,"bet"],[1989688,7180233,767,"bet"]]
[[1035791,7190387,776,"bet"],[157355,7190388,924,"bet"]]
[[252960,7201787,132,"bet"],[1035915,7201788,765,"bet"]]
[[1036178,7211374,938,"bet"],[87757,7211375,235,"bet"]]
[[1266559,7220905,773,"bet"],[790240,7220906,877,"bet"]]
[[696470,7230300,447,"bet"],[396205,7230301,989,"bet"]]
[[1752071,7240487,538,"bet"],[1036207,7240488,448,"bet"]]
[[696749,7251334,679,"bet"],[323427,7251335,884,"bet"]]
[[1572888,7260045,738,"bet"],[696506,7260046,110,"bet"]]
[[696310,7270574,629,"bet"],[1808750,7270575,800,"bet"]]
[[1454340,7282469,679,"bet"],[1036047,7282470,520,"bet"]]
[[1942910,7291234,172,"bet"],[1036354,7291235,698,"bet"]]
[[1938220,7300243,466,"bet"],[1266443,7300244,809,"bet"]]
[[696445,7311628,528,"bet"],[1362216,7311629,422,"bet"]]
[[853017,7320035,415,"bet"],[1036076,7320036,159,"bet"]]
[[1036242,7331027,171,"bet"],[624778,7331028,787,"bet"]]
[[1266532,7340039,992,"bet"],[1463471,7340040,623,"bet"]]
[[1036236,7350111,229,"bet"],[821212,7350112,457,"bet"]]
[[696559,7360988,777,"bet"],[288313,7360989,49,"bet"]]
[[642085,7373549,152,"bet"],[1266650,7373550,699,"bet"]]
[[1036370,7381779,488,"bet"],[1586027,7381780,102,"bet"]]
[[169151,7390640,843,"bet"],[696695,7390641,995,"bet"]]
[[1389779,7400863,647,"bet"],[696085,7400864,437,"bet"]]
[[1285052,7411588,472,"bet"],[696407,7411589,528,"bet"]]
[[696242,7420751,599,"bet"],[827306,7420752,945,"bet"]]
[[696693,7430451,976,"bet"],[1512406,7430452,843,"bet"]]
[[874886,7442471,712,"bet"],[1036190,7442472,39,"bet"]]
[[696415,7450204,253,"bet"],[1777072,7450205,260,"bet"]]
[[1266553,7460616,420,"bet"],[1959573,7460617,247,"bet"]]
[[696734,7471467,474,"bet"],[972519,7471468,342,"bet"]]
[[1036147,7481322,496,"bet"],[925485,7481323,99,"bet"]]
[[696318,7491628,785,"bet"],[1931422,7491629,828,"bet"]]
[[843195,7500144,252,"bet"],[1035802,7500145,122,"bet"]]
[[1036079,7511917,209,"bet"],[1876299,7511918,191,"bet"]]
[[696259,7520089,81,"bet"],[812643,7520090,830,"bet"]]
[[1036318,7530606,780,"bet"],[235671,7530607,422,"bet"]]
[[351384,7540525,616,"bet"],[696490,7540526,815,"bet"]]
[[1628010,7554144,191,"bet"],[696140,7554145,351,"bet"]]
[[1730289,7563549,185,"bet"],[1266541,7563550,912,"bet"]]
[[1036064,7570657,790,"bet"],[496510,7570658,849,"bet"]]
[[88107,7580096,591,"bet"],[1036323,7580097,957,"bet"]]
[[1743351,7591737,386,"bet"],[696063,7591738,852,"bet"]]
[[1400136,7601623,272,"bet"],[1035916,7601624,447,"bet"]]
[[1036349,7610791,407,"bet"],[329907,7610792,111,"bet"]]
[[1036194,7620868,490,"bet"],[958584,7620869,943,"bet"]]
[[696174,7630355,916,"bet"],[1463043,7630356,255,"bet"]]
[[1036024,7644976,239,"bet"],[1864495,7644977,496,"bet"]]
[[1036401,7650665,72,"bet"],[1078105,7650666,543,"bet"]]
[[696160,7660064,687,"bet"],[1087787,7660065,11,"bet"]]
[[1266449,7671012,886,"bet"],[1748960,7671013,17,"bet"]]
[[1036404,7681849,308,"bet"],[1636959,7681850,972,"bet"]]
[[1800599,7692853,765,"bet"],[696073,7692854,924,"bet"]]
[[1036054,7701513,834,"bet"],[415276,7701514,259,"bet"]]
[[696300,7710342,25,"bet"],[182759,7710343,48,"bet"]]
[[1036351,7724050,653,"bet"],[275685,7724051,470,"bet"]]
[[1036390,7731493,166,"bet"],[1296437,7731494,357,"bet"]]
[[775331,7742405,714,"bet"],[1036384,7742406,49,"bet"]]
[[1292826,7750427,229,"bet"],[1036059,7750428,707,"bet"]]
[[1377643,7761214,342,"bet"],[696541,7761215,347,"bet"]]
[[696265,7770330,906,"bet"],[1968672,7770331,479,"bet"]]
[[251594,7780931,383,"bet"],[1035836,7780932,791,"bet"]]
[[1266562,7790431,682,"bet"],[921054,7790432,726,"bet"]]
[[1840562,7801381,859,"bet"],[1036062,7801382,693,"bet"]]
[[453336,7810202,753,"bet"],[696362,7810203,327,"bet"]]
[[1628543,7821506,745,"bet"],[696103,7821507,966,"bet"]]
[[1838922,7830512,546,"bet"],[1036054,7830513,504,"bet"]]
[[696440,7840928,774,"bet"],[1040006,7840929,733,"bet"]]
[[696065,7850515,740,"bet"],[1360984,7850516,284,"bet"]]
[[1266466,7860387,625,"bet"],[1628069,7860388,351,"bet"]]
[[696702,7871520,212,"bet"],[751459,7871521,734,"bet"]]
[[1035909,7880640,1000,"bet"],[294927,7880641,892,"bet"]]
[[1029295,7890439,355,"bet"],[696588,7890440,330,"bet"]]
[[696656,7901124,871,"bet"],[1362221,7901125,166,"bet"]]
[[1261416,7912309,414,"bet"],[696607,7912310,721,"bet"]]
[[696559,7920702,902,"bet"],[527357,7920703,334,"bet"]]
[[1036210,7930363,365,"bet"],[1572328,7930364,294,"bet"]]
[[1036316,7940417,693,"bet"],[912872,7940418,862,"bet"]]
[[1035997,7950437,876,"bet"],[231311,7950438,999,"bet"]]
[[750913,7960809,853,"bet"],[1266444,7960810,744,"bet"]]
[[994481,7971374,663,"bet"],[1036080,7971375,328,"bet"]]
[[1272735,7981625,115,"bet"],[1036140,7981626,291,"bet"]]
[[1035828,7997052,865,"bet"],[1692650,7997053,294,"bet"]]
[[1035914,8000883,170,"bet"],[307499,8000884,220,"bet"]]
[[1420525,8012077,745,"bet"],[696170,8012078,432,"bet"]]
[[1035968,8022405,955,"bet"],[1078839,8022406,31,"bet"]]
[[696180,8031819,550,"bet"],[975914,8031820,801,"bet"]]
[[1928460,8040454,464,"bet"],[1035810,8040455,923,"bet"]]
[[1088140,8050500,171,"bet"],[1266413,8050501,802,"bet"]]
[[696432,8060209,931,"bet"],[1169969,8060210,715,"bet"]]
[[1504145,8070072,28,"bet"],[1266507,8070073,980,"bet"]]
[[1036379,8081434,30,"bet"],[1504319,8081435,391,"bet"]]
[[696578,8090489,699,"bet"],[722619,8090490,444,"bet"]]
[[1373750,8101623,191,"bet"],[1036109,8101624,871,"bet"]]
[[696214,8111749,145,"bet"],[1326886,8111750,778,"bet"]]
[[696336,8120935,909,"bet"],[1507999,8120936,17,"bet"]]
[[1036179,8130373,71,"bet"],[471690,8130374,905,"bet"]]
[[1266557,8140260,134,"bet"],[752726,8140261,11,"bet"]]
[[696718,8151704,227,"bet"],[753985,8151705,75,"bet"]]
[[1371061,8160360,893,"bet"],[1036041,8160361,765,"bet"]]
[[1036033,8170520,578,"bet"],[1478479,8170521,242,"bet"]]
[[1036335,8181292,187,"bet"],[1149027,8181293,631,"bet"]]
[[269,8190901,706,"bet"],[1036155,8190902,785,"bet"]]
